1 1 1 1
1 2 1 1
1 1 2 1
1 2 2 1
1 3 1 1
1 4 1 1
1 3 2 1
1 4 2 1
1 3 3 1
1 3 4 1
1 4 3 1
1 4 4 1
1 5 1 1
1 5 2 1
1 5 3 1
1 5 4 1


0 8 1 0
0 8 2 0
0 8 3 0
0 8 4 0
0 8 5 0
0 8 6 0
0 8 7 0
0 8 8 0
0 8 9 0
0 7 9 0
0 6 9 0
0 5 9 0
0 3 9 0
1 4 9 10
0 2 9 0
0 1 9 0

0 29 9 0
0 28 9 0
0 27 9 0
0 26 9 0
1 26 8 9
0 24 9 0
0 23 9 0
0 22 9 0
0 22 8 0
0 22 7 0
0 22 6 0
0 22 5 0 
0 22 4 0
0 22 3 0
0 22 2 0
0 22 1 0

0 21 9 0
0 20 9 0
0 19 9 0
0 18 9 0
0 17 9 0
1 16 9 10
0 15 9 0
0 14 9 0
0 13 9 0
0 12 9 0
0 11 9 0
0 10 9 0
0 9 9 0
1 26 1 1
1 26 2 1
1 26 3 1

1 17 1 1
1 16 1 1
1 15 1 1
1 14 1 1
1 17 2 1
1 16 2 1
1 15 2 1
1 14 2 1
1 17 3 1
1 16 3 1
1 15 3 1
1 14 3 1
1 13 3 1
1 12 3 1
1 11 3 1
1 10 3 1
1 9 3 1

0 1 13 0
0 2 13 0
0 3 13 0
0 4 13 0
0 5 13 0
0 6 13 0
0 7 13 0
0 8 13 0
0 9 13 0
0 13 13 0
0 14 13 0
0 15 13 0
0 16 13 0
0 17 13 0
0 18 13 0
0 19 13 0
0 20 13 0
0 21 13 0
0 22 13 0
0 23 13 0
0 24 13 0
0 25 13 0
0 26 13 0
0 27 13 0
0 28 13 0 
0 29 13 0

0 16 13 0
0 16 14 0
0 16 15 0
0 16 16 0
0 16 17 0 
0 16 18 0
0 16 19 0 

0 16 22 0 
0 16 23 0 
0 16 24 0 
0 16 25 0 
0 16 26 0 
0 16 27 0 
0 16 28 0
0 16 29 0

0 19 16 0
0 19 17 0 
0 19 18 0
0 19 19 0 
0 19 20 0 
0 19 21 0 
0 19 22 0 
0 19 23 0 
0 19 24 0 
0 19 25 0 
0 19 26 0 
0 19 27 0 
0 19 28 0
0 19 29 0

1 29 17 1
1 29 18 1
1 28 17 1
1 28 18 1

0 23 2 0
0 23 3 0

1 10 1 1
1 10 2 1

1 24 14 1
1 25 14 1 
1 26 14 1
1 24 15 1
1 25 15 1
1 26 15 1

