0 1 5 0
0 2 5 0
0 3 5 0
0 4 5 0
0 5 5 0
0 6 5 0
0 7 5 0
0 8 5 0
0 9 5 0
0 10 5 0
0 11 5 0
0 12 5 0
0 13 5 0
0 14 5 0
0 15 5 0
0 16 5 0
0 17 5 0
0 18 5 0
0 19 5 0
0 20 5 0
0 21 5 0
0 22 5 0
0 23 5 0
0 24 5 0
0 25 5 0
0 26 5 0
0 27 5 0
0 28 5 0
0 29 5 0

0 10 1 0
0 10 2 0
0 10 3 0
0 10 4 0
0 10 5 0

0 20 1 0
0 20 2 0
0 20 3 0
0 20 4 0
0 20 5 0

0 1 12 0
0 2 12 0
0 3 12 0
0 4 12 0
0 5 12 0
0 6 12 0
0 7 12 0
0 8 12 0
0 9 12 0
0 10 12 0
0 11 12 0
0 12 12 0
0 13 12 0



0 1 18 0
0 2 18 0
0 3 18 0
0 4 18 0
0 5 18 0
0 6 18 0

0 6 13 0
0 6 14 0
0 6 15 0
0 6 16 0
0 6 17 0

0 13 13 0
0 13 14 0
0 13 15 0
0 13 16 0
0 13 17 0

0 13 20 0
0 13 21 0
0 13 22 0
0 13 23 0
0 13 24 0
0 13 25 0
0 13 26 0
0 13 27 0
0 13 28 0
0 13 29 0

0 20 12 0
0 20 13 0
0 20 14 0
0 20 15 0
0 20 17 0
0 20 18 0
0 20 19 0
0 20 20 0
0 20 21 0
0 20 22 0
0 20 23 0
0 20 25 0
0 20 26 0
0 20 27 0
0 20 28 0
0 20 29 0


0 20 12 0
0 21 12 0
0 22 12 0
0 23 12 0
0 24 12 0
0 25 12 0
0 26 12 0
0 27 12 0
0 28 12 0
0 29 12 0

0 20 18 0
0 21 18 0
0 22 18 0
0 23 18 0
0 24 18 0
0 25 18 0
0 26 18 0
0 27 18 0
0 28 18 0
0 29 18 0