0 1 14 11
0 2 14 11
0 3 14 11
0 4 14 11
0 5 14 11
0 6 14 11
0 7 14 11
0 8 14 11
0 9 14 11
0 10 14 11
0 11 14 11
0 12 14 11
0 13 14 11
0 14 14 11
0 15 14 11
0 16 14 11
0 17 14 11
0 18 14 11
0 19 14 11
0 20 14 11
0 21 14 11
0 22 14 11
0 23 14 11
0 24 14 11
0 25 14 11
0 26 14 11
0 27 14 11
0 28 14 11
0 29 14 11
0 12 1 0
0 12 2 0
0 12 3 0
0 12 5 0
0 12 6 0
0 12 7 0
0 12 8 0
0 12 9 0
0 12 11 0
0 12 12 0
0 12 13 0




0 12 22 0
0 12 23 0
0 12 24 0
0 12 25 0
0 12 26 0
0 12 27 0
0 12 28 0
0 12 29 0

0 15 19 0
0 15 20 0
0 15 21 0
0 15 22 0
0 15 25 0
0 15 26 0
0 15 27 0
0 15 28 0
0 15 29 0

0 13 22 0
0 14 22 0


0 18 1 0
0 18 2 0
0 18 3 0
0 18 5 0
0 18 6 0
0 18 7 0
0 18 8 0
0 18 9 0
0 18 11 0
0 18 12 0
0 18 13 0


0 15 18 0
0 16 18 0
0 17 18 0
0 18 18 0
0 19 18 0
0 20 18 0
0 21 18 0
0 22 18 0
0 23 18 0