0 1 5 0
0 2 5 0
0 3 5 0
0 4 5 0
0 5 5 0
0 6 5 0
0 7 5 0
0 8 5 0
0 9 5 0
0 10 5 0
0 11 5 0
0 12 5 0
0 13 5 0
0 14 5 0
0 15 5 0
0 16 5 0
0 17 5 0
0 18 5 0
0 19 5 0
0 20 5 0
0 21 5 0
0 22 5 0
0 23 5 0
0 24 5 0
0 25 5 0
0 26 5 0
0 27 5 0
0 28 5 0
0 29 5 0

0 10 1 0
0 10 2 0
0 10 3 0
0 10 4 0
0 10 5 0

0 8 21 0
0 8 22 0
0 8 23 0
0 8 24 0
0 8 25 0
0 8 26 0
0 8 27 0
0 8 28 0
0 8 29 0

0 20 1 0
0 20 2 0
0 20 3 0
0 20 4 0
0 20 5 0


0 1 20 0
0 2 20 0
0 3 20 0
0 4 20 0
0 5 20 0
0 6 20 0
0 7 20 0
0 8 20 0






0 12 22 0
0 12 23 0
0 12 24 0
0 12 25 0
0 12 26 0
0 12 27 0
0 12 28 0
0 12 29 0

0 15 19 0
0 15 20 0
0 15 21 0
0 15 22 0
0 15 25 0
0 15 26 0
0 15 27 0
0 15 28 0
0 15 29 0

0 13 22 0
0 14 22 0





0 15 18 0
0 16 18 0
0 17 18 0
0 18 18 0
0 19 18 0
0 20 18 0
0 21 18 0
0 22 18 0
0 23 18 0